Step : 1  
3793662762
4334245374
6959582523
8549445973
9842432684
7526344685
6675837954
7794567556
9693457223
5728699347

Step : 2
4905773873
7888456485
0000894855
0000758006
0008746008
0000779009
0000090007
0000000098
0000000744
9080000658

Step : 3
8060009006
0000000008
3446000097
1125000538
1120000430
1124000340
1112404350
1111222200
2211111977
0291111769

Step : 4
9171120228
1111122340
4557111200
2236111770
2231111552
2235111451
2223515461
2222334543
3433224000
1403224000

Step : 5
0382231339
3322233451
5668222311
3347222881
3342222663
3346222562
3334626572
3333445654
4544335111
2514335111

Step : 6
1493342450
4433344573
6779333422
4458333992
4453333774
4457333673
4445737683
4444556765
5655446222
3625446222

Step : 7
2605453561
5777555684
7900645754
5690646005
5575547008
5568458007
5556860007
5555680008
6766569654
4736557333

Step : 8
4937564672
9009666795
0063756865
9003757116
7909758119
6790779118
6679092118
6667903219
7877790865
5847679544

Step : 9
7070000005
0340000009
3388000008
0438000759
0050000540
0007000450
0000706350
0000057450
0000005097
9000000865

Step : 10
8181111127
1451111130
4499111140
1549111880
1161111662
1118111561
1111817461
1111168672
2211117309
0211112097

Step : 11
9292222238
2684322241
5600422251
2780422991
2283322773
2229222672
2222928572
2222279794
3322228540
1322223200

Step : 12
0705333349
6007433352
9063534583
5003535004
4607536007
3450557006
3345070006
3334500007
4433460082
2433346521

Step : 13
1816444460
8218544474
0274645694
7214646115
5718647118
4561668117
4456181117
4445611118
5544571193
3544457632

Step : 14
2927555571
9329655696
1385756806
8325757337
6829758229
5672779228
5567292239
5556722340
6655682306
4655568854

Step : 15
5060000004
0780000009
3600000048
9570000869
7950000650
6796000560
6679606460
6667944462
7766793417
5766679965

Step : 16
7392111126
3002111130
8063111180
0003111990
0005211772
0000421671
0000037571
0000096573
0000008738
9000000086

Step : 17
8504222237
4224222352
9174223503
1114224004
1116325006
1111546005
1111270005
1111200007
2211240090
0211123409

Step : 18
9615333348
6435333463
0385334614
3325335115
2227436117
2222657116
2222381116
2222311229
3322351203
1322234630

Step : 19
0826444459
8646444574
1496445725
4436446226
3338547228
3333768227
3333492238
3333422340
4433462325
2433345741

Step : 20
1937555570
9868555696
2608556836
5658557337
4449669439
4444990438
4444605449
4444644451
5544573436
3544456852

Step : 21
5090000003
0000000009
6080000078
7900000869
5680000760
5568004670
5556937570
5555755573
6655684547
4655567963

Step : 22
6202111125
1333111240
8302112400
9043113000
7903214005
6790327004
6679059903
6667976795
7766796768
5766679084

Step : 23
7313222236
3544222351
0613223511
0564224111
0045336216
0004660425
0000600045
0000000009
0000000000
9000000608

Step : 24
8424333347
4655333462
1724334622
1675335222
1156447327
1115771536
1111711167
1111111120
2211111122
0211111719

Step : 25
9535444458
5766444573
2835445733
2786446333
2267558438
2226882647
2222822278
2222222231
3322222244
1322222830

Step : 26
0746555569
7977555684
3946556844
3897557444
3378669549
3337993758
3333933389
3333333342
4433333355
2433333941

Step : 27
4000000000
0000000009
8000000008
6000000009
5700000000
4570009000
4457076700
4445554575
5544445576
3544445062

Step : 28
5111111122
1111111130
9111111140
7111111130
6811122222
5681120211
5568198911
5556665686
6655556687
4655556173

Step : 29
6222222233
3322222241
0322222251
9322222241
7922233333
6792354532
6679400064
6667900000
7766790000
5766679607

Step : 30
7333333344
4433333352
2533333362
0743333352
0064344444
0006565643
0000821175
0000042111
0000004211
9000000818

Step : 31
8444444455
5544444463
3644444473
1854444463
1175455555
1117676754
1111932286
1111153222
2211115322
0211111929

Step : 32
9555555566
6655555574
4755555584
2965555574
2286566666
2229897865
2223053397
2223374333
3322227554
1322223050

Step : 33
0000000009
0000000008
9000000008
5000000009
4600000000
3460000000
3346497800
3334485566
4433338665
2433334161

Step : 34
1111111130
2211111140
0211111140
7211111130
5711111122
4571234321
4457700042
4445700009
5544570008
3544457593

Step : 35
2222222241
3322222251
1322222251
8322222241
6822222233
5682345432
5568811164
5556811130
6655681240
4655568706

Step : 36
3333333352
4433333362
2433333362
9433333352
7933333344
6793456543
6679922275
6667922241
7766792351
5766679817

Step : 37
4444444463
5544444473
4644444473
0854444463
0075444455
0008777654
0000053386
0000074352
0000007672
9000000038

Step : 38
5555555574
6655555584
5755555584
1965555574
1186555566
1119888765
1111164497
1111185463
2211118783
0211111149

Step : 39
7900000007
9000000008
9000000008
4000000009
3500000000
2350000000
2234700000
2222400008
3322350007
1322234580

Step : 40
0021111129
0521111130
0311111140
6211111130
4611111122
3461111111
3345811111
3333511119
4433461118
2433345691

Step : 41
1132222240
1632222252
1422222251
7322222241
5722222233
4572222222
4456922233
4444622240
5544572350
3544456804

Step : 42
2243333351
2743333363
2533333362
8433333352
6833333344
5684443333
5568043344
5556843351
6655683461
4655567915

Step : 43
3354444462
3854444474
3644444473
9544444463
7944444455
6795554444
6679154455
6667954462
7766795682
5766679036

Step : 44
4465555573
4965555585
5855555584
0965555574
0086555566
0009765555
0000575566
0000096573
0000009893
9000000247

Step : 45
6809766684
7000976696
9000097695
3000009785
2400000987
1240000097
1124000009
1112400007
2211240006
0211123679

Step : 46
7920000008
9224000000
0212400000
5211240000
3511124000
2351112400
2235111240
2223511129
3322351128
1322234790

Step : 47
0041111119
0645111111
2423511111
6322351111
4622235111
3462223511
3346222362
3334622250
4433462360
2433345903

Step : 48
1152222230
1756222233
3534622222
7433462222
5733346222
4573334622
4457333473
4445733361
5544574581
3544457024

Step : 49
2263333341
2867333344
4645733333
8544573333
6844457333
5684445733
5568444584
5556844472
6655685692
4655568135

Step : 50
3374444452
3978444455
5756844444
9655684444
7955568444
6795556844
6679555695
6667955694
7766796804
5766679357

Step : 51
5708655563
7000865566
0000086555
0000008655
0000000865
0000000086
0000000008
0000000007
0000000046
9000000778

Step : 52
6819766674
8111976677
1111197666
1111119766
1111111976
1111111197
1111111119
1111111118
2211111157
0211111889

Step : 53
7930000008
9235000000
2223500000
2222350000
2222235000
2222223500
2222222360
2222222360
3322223500
1322223000

Step : 54
0051111119
0656111111
4434611111
3333461111
3333346111
3333334611
3333333471
3333333471
4433334611
2433334111

Step : 55
1162222230
1767222233
5545722222
4444572222
4444457222
4444445722
4444444582
4444444582
5544445722
3544445222

Step : 56
2273333341
2878333344
6656833333
5555683333
5555568333
5555556833
5555555693
5555555693
6655556833
4655556333

Step : 57
4607544452
6000754455
0000075444
9000007544
7900000754
6790000075
6679000006
6667900006
7766790075
5766679654

Step : 58
5718655563
7111865566
2211186555
0421118655
0042111865
0004211186
0000421117
0000042117
0000004286
9000000865

Step : 59
6829766674
8222976677
3322297666
1532229766
1153222976
1115322297
1111532228
1111153228
2211115397
0211111976

Step : 60
7940000008
9346000000
4434600000
2643460000
2264346000
2226434600
2222643470
2222264470
3322227700
1322223000

Step : 61
0061111119
0767111111
6645711111
3754571111
3375457111
3337545711
3333754581
3333375581
4433338811
2433334111

Step : 62
1172222230
1878222233
7756822222
4865682222
4486568222
4448656822
4444865692
4444486692
5544449922
3544445222

Step : 63
3506433341
5000643344
0000064333
8000006433
6800000643
5680000064
5568000005
5556800005
6655680064
4655568543

Step : 64
4617544452
6111754455
1111175444
9111117544
7911111754
6791111175
6679111116
6667911116
7766791175
5766679654

Step : 65
5728655563
7222865566
3322286555
0532228655
0053222865
0005322286
0000532227
0000053227
0000005386
9000000865

Step : 66
6839766674
8333976677
4433397666
1643339766
1164333976
1116433397
1111643338
1111164338
2211116497
0211111976

Step : 67
7950000008
9457000000
5545700000
2754570000
2275457000
2227545700
2222754580
2222275580
3322228800
1322223000

Step : 68
0071111119
0878111111
7756811111
3865681111
3386568111
3338656811
3333865691
3333386691
4433339911
2433334111

Step : 69
2405322230
4000532233
0000053222
7000005322
5700000532
4570000053
4457000004
4445700004
5544570053
3544457432

Step : 70
3516433341
5111643344
1111164333
8111116433
6811111643
5681111164
5568111115
5556811115
6655681164
4655568543

Step : 71
4627544452
6222754455
2222275444
9222227544
7922222754
6792222275
6679222226
6667922226
7766792275
5766679654

Step : 72
5738655563
7333865566
4433386555
0643338655
0064333865
0006433386
0000643337
0000064337
0000006486
9000000865

Step : 73
6849766674
8444976677
5544497666
1754449766
1175444976
1117544497
1111754448
1111175448
2211117597
0211111976

Step : 74
7960000008
9568000000
6656800000
2865680000
2286568000
2228656800
2222865690
2222286690
3322229900
1322223000

Step : 75
0004211119
0000421111
0000042111
6000004211
4600000421
3460000042
3346000003
3334600003
4433460042
2433346321

Step : 76
1115322230
1111532233
1111153222
7111115322
5711111532
4571111153
4457111114
4445711114
5544571153
3544457432

Step : 77
2226433341
2222643344
2222264333
8222226433
6822222643
5682222264
5568222225
5556822225
6655682264
4655568543

Step : 78
3337544452
3333754455
3333375444
9333337544
7933333754
6793333375
6679333336
6667933336
7766793375
5766679654

Step : 79
4448655563
4444865566
5544486555
0754448655
0075444865
0007544486
0000754447
0000075447
0000007586
9000000865

Step : 80
5559766674
5555976677
6655597666
1865559766
1186555976
1118655597
1111865558
1111186558
2211118697
0211111976

Step : 81
6790000008
7900000000
9000000000
4000000000
3500000000
2350000000
2235000000
2223500000
3322350000
1322235000

Step : 82
0002111119
0042111111
0421111111
6211111111
4611111111
3461111111
3346111111
3334611111
4433461111
2433346111

Step : 83
1113222230
1153222233
1532222222
7322222222
5722222222
4572222222
4457222222
4445722222
5544572222
3544457222

Step : 84
2224333341
2264333344
2643333333
8433333333
6833333333
5683333333
5568333333
5556833333
6655683333
4655568333

Step : 85
3335444452
3375444455
3754444444
9544444444
7944444444
6794444444
6679444444
6667944444
7766794444
5766679444

Step : 86
4446555563
4486555566
5965555555
0965555555
0086555555
0008655555
0000865555
0000086555
0000008655
9000000655

Step : 87
5679766674
6800976677
8000097666
3000009766
2400000866
1240000966
1124000966
1112400966
2211240966
0211122866

Step : 88
6790000008
7924000000
9112400000
4111240000
3511125000
2351114000
2235114000
2223514000
3322354000
1322235000

Step : 89
0002111119
0066111111
0533511111
6322351111
4622236111
3462225111
3346225111
3334625111
4433465111
2433346111

Step : 90
1113222230
1177222233
1644622222
7433462222
5733347222
4573336222
4457336222
4445736222
5544576222
3544457222

Step : 91
2224333341
2288333344
2755733333
8544573333
6844458333
5684447333
5568447333
5556847333
6655687333
4655568333

Step : 92
3335444452
3399444455
3866844444
9655684444
7955569444
6795558444
6679558444
6667958444
7766798444
5766679444

Step : 93
4568655563
5700865566
7000086555
0000008655
0000000755
0000000855
0000000855
0000000855
0000000855
9000000755

Step : 94
5679766674
6811976677
8111197666
1111119766
1111111866
1111111966
1111111966
1111111966
2211111966
0211111866

Step : 95
6790000008
7935000000
9223500000
2222350000
2222236000
2222225000
2222225000
2222225000
3322225000
1322224000

Step : 96
0002111119
0077111111
0644611111
4433461111
3333347111
3333336111
3333336111
3333336111
4433336111
2433335111

Step : 97
1113222230
1188222233
1755722222
5544572222
4444458222
4444447222
4444447222
4444447222
5544447222
3544446222

Step : 98
2224333341
2299333344
2866833333
6655683333
5555569333
5555558333
5555558333
5555558333
6655558333
4655557333

Step : 99
3457544452
4600754455
5000075444
9000007544
7900000644
6790000744
6679000744
6667900744
7766790644
5766679544

Step : 100
4568655563
5711865566
7211186555
0421118655
0042111755
0004211855
0000421855
0000042855
0000004855
9000000755